5379898042
5384671373
5377195508
4669645453
4727535544
5384942975
5383296863
4481481073
4682039346
4587618190
4599432770
4761704991
4750243497
4757633995
4661694224
4806758555
4817403229
5339972408
5339744248
5343704443
5350225447
5343475873
5339871181
5351918927
5350734612
5351640205
5352876265
5388122130
5373295735
5135523437
5373433486
5383918648
5379599626
5384956564
5333645828
5373065167
5198282161
5343913656
5384261762
5251681408
5379170071
5332421862
5360855438
5367263955
5373460600
5389411772
5340628466
5340488840
4809390576
5339566420
5362949985
5364930399
5361110701
5279914477
5334964077
5367908874
5361085879
5366262982
5315945397
4770890206
5385508543
4798509745
5384011489
5376449574
5384111952
5030254933
5079410994
5200938339
4972535116
5316952317
5315484661
4532047180
5332155904
4666714656
5213668612
5283031354
4916599194
5075132614
5327828296
5171338809
4887137646
5326135427
5271416367
5112659991
5327732539
5326565740
5325657811
5145339960
5259690063
4591512858
4717049620
4723872041
4741966208
4599140830
5062090462
4498589958
4486275070
4761262927
4859359383
4696302126
4998962246
4761585986
4547822194
5018165592
4961538911
4520948819
4901990127
5083572992
5119148450
5133939698
4968801517
5205797475
