5191548595
5211932433
4672224382
4487051862
4669645453
4727535544
4833142987
4503920926
4534080514
4589054690
4682811238
4731428612
4507465715
4657900047
4441601657
4657912855
4481481073
4662034608
4682039346
4713075662
4733145251
4596368933
4715811207
4715864975
4756457635
4599432770
4687610917
4711192972
4520274987
4523319897
4604526350
5230506580
4671880666
4723946141
4852641513
4724004949
4741454089
4904523728
4526854397
4692161115
4787014508
4723903679
4761704991
4762257713
4750243497
4660755475
4746017353
4599140830
4806758555
4749002182
4749536738
4790829233
5229434187
4864116516
4501343219
4506421748
4550930892
4468329222
4817403229
5079213063
4554946577
5105347779
5246497363
4587618190
4755405517
4357525673
4675664913
4529665815
4766808090
4675697965
4757633995
4661694224
4940990280
4733029620
4732726922
4757917583
4903960418
4809390576
4942504789
4942575447
4687909839
4573844770
4740646576
5109972052
4453365133
4770890206
4650358994
4692207569
4482147474
4591512858
4717049620
4798509745
4723872041
4747768241
4741966208
5062090462
4498589958
4507035892
4507655427
5058901724
4486275070
4839518081
4761262927
5066096347
4478053414
4970814281
5030254933
5124741718
4813061288
4865154689
5054100672
4975860639
4973995955
5229179226
5079410994
5305945507
4850565637
4678274770
4693771058
5005841014
4870361617
5294207641
5306071939
5050215059
5200938339
4859359383
5005784739
4696136581
4852762707
4870534253
4972535116
4840955060
4778222456
4696302126
5250299798
5075194853
4990082153
4826094396
4699692925
4998962246
4852531979
4884446349
5282995960
4699649126
4761585986
4947456575
5301973237
5252331443
5283031354
4942395233
4979845136
5000403086
4953187216
4821964479
4532047180
4724882764
5005467836
4463301671
4665618941
4473565175
5000071031
4658014317
5044496335
4977262193
5016809408
4844152885
4665592562
5018819996
4767655391
4542676256
4666714656
4966968805
4769782993
4476925222
4547822194
5018165592
5000623223
5000764225
4666624048
5213668612
5211223462
5246175186
5211026174
4670591918
4671140636
4916599194
4961538911
5224353165
4672170023
4795776825
5316192121
5316236945
4795881539
4795898771
5025901833
5120655858
5026498185
5075132614
5075278374
5290776378
5113678389
5059354704
5171338809
5279134440
4900967654
5304625557
5030618970
5310083477
4734503262
4787223622
4960309587
4815738249
4897427222
5030806654
4887137646
4887339771
4897370152
4897217044
4820935783
4520948819
4894283644
4901990127
4895578443
4894243649
4894059490
4892788158
4843749345
5271416367
5312136673
5004491136
5281521340
5211939694
5080138326
5230726413
4924476211
5049148667
4981122867
5050794839
5309843391
5307072582
5083572992
5270334814
5266841922
5065228234
5279613352
5180790491
4929242135
5055343895
5112659991
5228331432
5065387639
4956958767
5241524544
5119148450
4930250602
4930120021
4930282308
5151894129
5133939698
5155839446
5236787713
5229216589
5240541967
5044756052
5279668988
5166756013
4968801517
5108724429
5248316540
5243084586
5235113368
5272100297
5242449034
5271250937
5305204987
5276172514
5277425850
5317436686
5114876971
5267511711
5181987468
5205797475
5298151800
5152352749
5266086098
5145339960
5251022844
5299107570
5266472832
5271717728
5268444249
5273572625
5273503427
5282254519
5299665119
5310184127
5065242798
5237730422
5251681408
5278626086
5270636967
5259690063
5271549998
5300651723
5271302875
5317600456
5317439034
